415
1953
477
723
4836
146
2153
766
1861
1492
3542
416
1240
103
796
1701
899
494
1661
1325
4078
4005
4892
3150
4524
1774
758
4271
3081
2335
2080
4135
4803
4100
1004
2911
4094
4087
1253
1033
1569
4454
4243
3407
2728
2693
2538
3653
3842
1594
2673
1499
389
916
4114
4097
3311
2036
2527
4619
2423
2593
1163
1020
4917
4700
2114
1048
1243
3891
2070
529
3479
3290
567
231
1918
4419
1017
1045
4847
4239
3060
801
102
972
199
3913
2601
4217
4059
3443
2891
2552
2735
545
3738
182
3723
4761
4674
733
2884
3614
4111
974
3794
2098
3257
4228
1210
4432
946
2351
4858
2018
699
522
1741
2682
1436
206
4848
4583
4738
4296
4072
2445
4530
3715
952
4692
4911
163
3449
4054
3363
1816
2251
1430
1822
4448
312
1265
394
2434
2332
1494
2202
1364
430
1951
2774
968
4555
2549
3255
3890
2352
3712
3139
2150
1702
3634
4863
4415
987
2802
2374
971
11
2473
4551
2209
1819
1613
2551
4753
2273
370
4507
4780
1095
1326
4287
2242
1972
696
2033
547
1649
2767
1848
3213
4658
4996
4916
2879
1330
1028
2212
378
2845
194
1864
484
65
1089
3392
1928
2134
3134
1647
704
3200
4966
2984
2762
543
2177
880
3017
2639
470
2803
2602
2769
4148
4767
769
3025
1999
228
3278
39
1590
238
2560
2797
2183
463
2398
4794
4747
237
826
4366
4558
991
2985
1432
1952
1486
957
1503
4627
2500
3319
698
4420
3382
3549
923
3103
4464
2738
1305
481
3316
3253
1562
3023
3584
4099
546
4133
2518
4588
1534
4088
4416
4139
4362
814
1110
1914
2999
4187
2474
728
4056
703
413
3687
1800
4154
3686
791
2628
1786
4537
3157
307
1087
3503
1993
3015
3088
1965
158
4645
4373
3991
4430
633
1117
3358
1226
3422
2706
2775
195
954
1250
3466
1181
1853
2159
1387
4395
3853
2464
1276
2354
2939
3703
399
1451
3767
2789
2773
775
2573
2842
4038
3595
3857
8
4902
3831
2581
4121
2120
4680
4427
3236
3612
2377
2553
4505
2155
2815
2079
4433
1815
4782
3704
1341
642
4695
705
236
510
1932
369
2636
1046
2541
4538
1950
2215
473
1846
390
4642
1174
71
3199
2317
1859
1474
3774
1518
4940
2437
571
22
1264
4895
3307
3577
3423
3915
3746
501
778
4360
3251
970
3691
2507
2444
1182
4666
1885
245
3355
3626
1643
3227
3660
2528
2161
3706
1357
1867
4089
1112
4379
516
3348
1823
1994
742
4516
1449
4983
2745
4919
3545
1292
4705
3922
4935
4511
4016
4947
4345
3226
1912
1072
1524
4105
1865
818
98
110
1764
255
3297
3747
2144
3333
3192
977
2328
2299
2051
927
241
4190
340
3049
3079
1103
2259
4338
2381
174
3177
576
3291
4028
3336
2664
4309
629
1834
2861
517
200
4383
276
4843
74
2666
808
104
328
1088
2754
137
1168
1134
1773
3110
418
480
4184
3700
1832
2697
3779
2817
1943
948
993
2894
2072
4526
2323
365
2382
2201
1299
1404
936
4390
3625
1106
4691
1091
2010
2720
905
3775
552
1308
515
660
2263
1094
4643
3473
4535
2853
3717
2749
4799
3907
4497
4881
3631
2422
2333
3812
764
2903
3550
175
2893
4974
414
3289
2044
4021
336
3693
226
285
2548
4828
2557
4741
282
1790
969
3565
1995
4223
1273
4445
4654
1561
354
57
1415
2670
3270
1866
3510
2458
2672
214
2306
4839
3718
3607
3750
4786
692
3246
2443
2462
3546
2222
3916
4192
4143
4936
4344
1376
4852
1158
439
4423
349
2344
4521
4337
3663
1900
4394
1137
3197
1558
1199
3557
695
2361
4875
4897
2013
2756
2758
1454
3269
99
2226
2020
1249
1153
4252
4636
603
4815
1156
3731
4161
1521
3366
4582
4186
1315
2877
478
332
4613
2523
1712
296
1755
2812
4408
3420
3090
812
324
208
2932
2992
727
90
967
2926
3629
3268
2367
2688
877
87
3518
4954
520
4144
3039
3696
3572
2429
1356
1519
1261
1223
4251
1806
1836
2631
738
3593
980
3160
4397
2555
40
4196
2065
1129
2261
1502
2477
1401
4796
4762
3067
534
596
84
4091
743
3606
2534
4778
381
1302
52
3116
4855
691
397
2320
4772
858
1896
4964
156
614
126
219
3052
64
2526
1725
4455
335
465
4554
1179
2605
409
32
4009
4489
2169
4739
2166
1610
262
359
4083
4970
1715
3400
4783
1608
4572
4734
3737
3618
965
1236
3086
3522
1235
1212
4764
3608
140
2187
1674
3570
2495
486
2525
144
3772
3788
4102
4864
2297
700
2634
3445
3617
1042
2530
348
1983
639
2940
654
1222
2239
1877
1259
2040
4112
4044
2346
4534
1680
3102
1828
3713
2790
3151
3233
1743
963
3496
128
2590
2983
3454
2851
3065
3027
295
2539
3024
2821
4960
583
3277
4623
3694
1512
1397
4985
2364
444
4819
2448
2217
2898
2576
2579
4027
3376
459
994
670
4403
4499
3378
4387
3679
4721
4909
3628
1891
4672
1198
3287
2135
4730
1078
4437
451
4349
1640
309
912
4923
67
3903
3959
3751
804
3661
4807
2641
555
1876
4206
734
4901
2265
4068
1232
2963
860
1599
2920
458
2373
3047
3879
290
2372
3312
4844
263
3056
625
1675
1008
304
2341
876
553
4838
3332
456
2927
4937
1031
4232
1579
1372
823
4562
2922
1068
53
1331
3707
937
2392
4291
1717
3818
3881
2053
2086
233
4928
3559
745
2757
882
1789
2082
3981
1543
2411
3477
3156
436
3124
3450
3173
3895
3352
2305
4414
4393
4899
4288
2967
3615
3458
2043
2725
528
2313
1194
4151
2340
3205
1426
2925
2620
267
879
1779
4777
1118
1187
2108
405
2643
3848
2160
3536
3973
2127
4968
235
4039
1085
2875
475
4770
3061
4634
4556
1161
2717
4367
3082
